-44434780.3699418
-44416074.6949621
-14728251.8356344
-14720571.8912238
-14676012.8700547
-14675526.0728703
-5257384.9279034
-5253307.2865933
-1455457.6776086
-1455327.7596806
-1324691.2998616
-1324642.2869567
-853763.3734704
-853741.6918267
-580855.5370767
-580830.1809136
-444193.2229942
-443762.1201776
-351980.5875377
-350661.2528292
 -72827.7656072
 -65233.6612532
 -37015.5996932
 -36260.7958292
 -26971.0933975
 -26503.9339070
 -25868.0227555
 -25617.2000578
 -25182.1954272
 -25104.0128867
 -24963.8517495
 -22526.1275566
 -17169.6902542
 -16977.4123469
 -16500.4260240
 -13364.9585702
 -11548.0860760
 -11446.7540200
  -7870.8294808
  -6848.0979439
  -6687.5966077
  -5826.1133129
  -3878.1785500
  -3668.8637976
  -2921.6168974
  -2515.7215501
  -2510.4641105
  -2448.5607292
  -2181.9769194
  -1849.3491125
  -1729.3183827
  -1718.8079656
  -1095.3176228
  -1064.4584957
  -1018.3232403
  -1016.8611800
   -928.0564992
   -896.6518015
   -839.5669391
   -823.3677901
   -785.9791365
   -700.4219385
   -676.9297418
   -620.1913781
   -603.6037334
   -593.1199713
   -585.3691562
   -492.3295968
   -463.6306329
   -417.6985240
   -347.3665724
   -338.2977279
   -330.3886335
   -312.8421019
   -299.7656189
   -269.0094013
   -267.3178624
   -254.3943726
   -249.4126221
   -235.1551729
   -231.3908555
   -213.4274612
   -206.3668142
   -202.7133735
   -199.8522186
   -189.4427762
   -184.7594805
   -171.9769844
   -171.5294344
   -153.3319925
   -137.9516518
   -122.5412529
   -120.4013776
   -105.7185886
    -93.4074895
    -91.2141891
    -85.8002848
    -82.1743607
    -74.5786772
    -72.9537953
    -69.7921261
    -63.6736373
    -59.2624876
    -58.7910963
    -55.3120107
    -52.0738026
    -51.3443474
    -48.6882749
    -47.3708917
    -46.2355039
    -43.3728275
    -42.4767434
    -41.2339115
    -40.8280652
    -38.8199743
    -37.5532005
    -35.6692760
    -34.0152757
    -32.6707983
    -31.4542894
    -30.4299153
    -28.4588333
    -26.8789721
    -26.5590345
    -25.0710512
    -23.4035092
    -22.8927649
    -21.5118548
    -20.8156223
    -19.5831589
    -18.8633703
    -18.2967084
    -17.0196081
    -15.4896002
    -15.0872936
    -13.9673177
    -12.9744800
    -12.3697641
    -12.0827590
    -11.3977975
    -10.4501802
     -8.9427258
     -8.7979429
     -7.7331969
     -7.0378102
     -6.3470639
     -5.7222138
     -4.7511405
     -4.4326846
     -3.6017523
     -3.0429693
     -2.6840456
     -2.1269518
     -0.8702075
     -0.2388169
      0.3532243
      0.6831536
      1.0746929
      2.0167470
      3.3026402
      4.1894863
      4.7447774
      5.3391920
      5.7380983
      6.4187967
      6.8079306
      8.0356713
      8.7076722
      9.0864109
      9.2748055
     10.2850207
     11.4086353
     12.3940557
     13.1008884
     13.9119879
     14.6732709
     15.1808715
     16.2389858
     16.7793139
     17.1597434
     17.7683656
     18.6589339
     19.2020486
     19.5185471
     19.8589755
     21.4068446
     21.7444480
     22.5501971
     23.2159709
     24.2091609
     24.3180611
     24.8084436
     27.0419395
     27.7004761
     28.2213011
     28.8165102
     29.5457533
     30.7605390
     31.2182962
     33.1317604
     33.6081301
     34.6654457
     34.8996635
     35.5222337
     36.5236556
     38.0861329
     39.0593042
     39.7327384
     40.5788366
     40.7647249
     41.2494278
     43.4374491
     44.2207891
     44.4796666
     45.6766402
     46.3654039
     48.5395654
     50.1596225
     50.6137699
     51.6857476
     52.8241858
     54.4653754
     56.0346794
     58.8452072
     59.7775091
     60.3492937
     62.1248601
     63.9375177
     64.4744250
     68.4401969
     71.3465039
     71.7999507
     73.4262533
     74.1102682
     75.7734319
     78.5285142
     78.8186610
     83.0754446
     85.8530248
     89.0684971
     91.4587873
     95.0762359
    102.9428511
    105.0224064
    109.7920641
    117.7968495
    125.2133608
    140.1321756
    143.3628867
    157.1725430
    162.6864697
    176.8749447
    212.9284016
    215.6320007
    220.4674128
    223.3015987
    239.4959703
    273.6320812
    300.2312516
    341.7660349
    382.9326789
    459.0735207
    464.6472567
    490.2015158
    535.2958638
    585.7093048
    738.8577359
    750.6914298
    828.1881172
    912.0061333
   1036.8162982
   1179.7923067
   1399.4063335
   1506.7104416
   1721.5976923
   2253.7057704
   2280.5748662
   2309.3148078
   2634.8232808
   2871.1746392
   3194.3277029
   3261.0941675
   3464.4741372
   4108.7408011
   4304.5487100
   4340.9543097
   4718.2574642
   4737.4579903
   5114.6497174
   7506.3749466
   8094.4558530
   8982.7834703
  10124.0891628
  10454.0038182
  13327.1550894
  13494.9501900
  14983.5062081
  20031.0886258
  24439.7326611
  32052.9645113
  33071.0649215
  42401.5042164
  53023.4380180
  88430.7593029
 101300.5049181
 151530.0873140
 211880.2688851
 224319.0495074
 324886.0935124
 328676.6134598
 337618.5679416
 351722.0218934
 482589.9920829
 938993.2390407
4610872.1937333
5781035.1691679
7559303.6909173
11109648.8180237
17233910.2868377
18935102.9162528
68399069.8157096
190837941.9729858
191510991.9926684
577723230.8043329
