12.432763 0.183746 3.199500
16.734771 15.970570 11.679367
6.840022 11.982506 6.198555
7.082351 6.423240 1.593560
12.770448 0.948547 7.245272
9.824428 2.805922 1.935470
15.798534 6.467667 10.387318
12.128457 8.111014 16.825764
12.221081 8.085543 7.488115
4.172879 1.869971 5.493215
8.295993 14.416880 10.879342
2.962310 15.690416 15.242479
17.052833 17.071509 7.205106
1.323566 7.711899 5.965513
15.902450 12.417832 13.602342
11.161506 3.367689 16.126574
14.946209 10.005573 15.892675
12.606611 14.576763 14.531410
9.663949 9.436424 5.331766
8.483384 0.173242 17.144027
7.053688 4.284047 11.967536
14.714881 17.971878 17.001577
16.853078 5.621275 14.842876
14.653647 14.769476 2.455383
16.855613 13.735224 17.770536
2.835483 3.973647 12.361410
10.711220 6.893049 12.781004
14.772994 6.534697 1.230009
2.633141 8.477315 14.174210
1.105409 11.261697 7.043741
14.235726 4.219510 4.569226
9.426924 10.192227 1.785767
4.340303 11.813563 10.353509
6.396749 9.613633 14.259307
1.891172 6.506861 10.079302
0.796426 11.126176 15.436134
14.752554 2.994391 13.710887
1.700854 9.283987 2.550667
15.521489 12.991862 6.366973
10.656763 11.309481 16.705338
4.937540 1.671764 13.974620
12.814553 1.657826 11.137347
11.167036 10.344703 10.462895
17.696042 2.029966 11.240986
4.637049 8.467652 11.178913
8.347461 13.548291 1.409377
3.245909 2.607900 2.053881
17.983601 4.154664 3.109611
2.611068 0.271488 10.321345
8.998845 6.275115 15.801257
7.941931 9.280401 10.927078
12.300693 15.179019 0.025317
13.219869 10.689978 1.634530
16.961744 11.565959 2.479301
11.238315 13.042109 3.316948
0.379273 0.776230 1.137890
5.513915 15.959147 9.024261
0.864595 4.610465 17.468750
1.500086 14.123253 8.953035
13.468843 8.126030 4.321094
8.520910 17.682248 6.497568
15.672784 3.271231 0.722670
13.163691 12.677847 8.928013
9.584444 2.229739 13.317578
9.129199 14.282709 15.811033
4.451009 16.956366 3.515852
0.544915 13.784267 4.757914
7.713180 4.366678 5.095565
17.388654 8.518009 0.144379
4.305566 4.945638 15.756749
13.084513 15.739367 11.297587
12.326602 0.106880 14.147477
5.602124 10.112926 1.453295
6.823069 3.217452 17.324784
5.200852 6.656630 8.161972
8.887072 5.979933 9.531803
12.697518 11.254188 13.570091
1.129504 11.419773 11.869672
4.688251 9.123983 4.606561
3.478831 12.765962 2.177240
17.734812 4.629072 6.707878
16.435019 11.171920 9.525289
4.235657 12.214027 13.795668
5.175987 14.112026 17.430405
3.993899 17.810719 17.740279
1.598543 15.522909 1.368320
7.773488 17.452658 12.513970
2.708335 7.929239 17.565578
6.055165 1.639677 9.413973
3.634462 5.233163 4.576606
2.920445 16.187890 6.567393
0.383076 1.115486 4.692056
2.965321 3.317076 8.437925
3.444602 15.213688 11.654287
10.943346 5.080048 6.465583
16.940107 8.695502 13.179359
10.181786 5.975826 3.124653
6.998295 1.369282 3.212179
16.024370 8.350197 7.493866
7.004025 14.903342 4.449039
12.038736 15.846019 5.793850
14.257819 3.854177 8.630250
9.810520 1.942994 9.314305
10.274362 12.868872 6.619804
17.947787 16.925505 16.273247
1.575691 2.134822 15.115360
8.907091 11.835689 13.456910
9.392131 16.613390 2.676259
