13.298879 0.430578 2.830110
18.097833 16.059921 11.831039
6.298344 11.752488 6.518409
7.047752 6.268692 1.640428
12.099605 1.476875 6.221702
10.126361 2.456800 2.759908
15.248840 6.160310 11.138284
11.641711 8.003675 17.119745
12.285542 7.676177 8.498688
4.851965 1.328886 5.863920
7.684975 13.306711 10.287918
2.408360 14.921143 14.807590
16.784141 16.034529 7.506038
1.752012 7.632083 6.414874
16.200366 13.062887 13.486892
11.665125 2.889200 17.063076
15.053210 10.463543 16.348628
12.881202 14.273281 14.825805
9.390341 8.597621 5.817345
9.332770 -0.046009 17.792787
6.631173 5.415510 12.064834
14.227422 17.744456 17.305018
18.121983 5.465729 13.866203
14.752456 14.863903 2.742769
15.668818 14.031828 17.249555
3.083085 4.094713 11.830535
9.818425 7.714906 12.720137
14.626883 6.832047 1.381085
2.280374 8.527000 14.767838
1.092996 11.523084 6.047667
14.081231 4.218175 4.190021
9.633810 9.836383 2.037363
4.334950 11.593862 9.888653
6.193025 8.476137 14.281768
0.756662 6.335081 9.884345
0.683180 11.773342 16.159871
15.524967 2.186247 14.618298
2.180139 9.500286 2.947767
15.457918 12.774638 5.850545
11.086345 11.711668 16.932711
5.381366 1.834249 13.822536
13.001308 2.095297 11.529732
10.651168 10.682740 10.172003
17.532298 2.813677 11.174885
3.756645 7.998427 11.389074
8.382624 13.649546 1.237650
3.598205 2.641444 1.847799
18.154394 4.905239 3.021459
2.666147 0.391504 10.214723
8.356735 5.652390 15.693116
7.174766 9.299123 10.577891
11.843099 15.114910 0.354578
13.487868 10.477826 1.724082
17.202094 11.829815 1.968481
11.400567 13.004467 3.476639
0.531166 0.772859 0.574907
6.049235 16.599315 8.426244
1.246060 4.541119 17.429608
1.337963 13.765101 9.136303
13.172469 7.994566 4.801733
8.474854 18.621465 6.091538
15.517715 3.150323 0.584716
13.405648 13.391069 9.088976
9.117751 2.643661 13.230852
9.174454 14.796400 15.549293
3.354745 16.939731 2.912013
0.300469 14.839959 4.171939
7.339004 4.070369 4.795006
17.940687 8.314677 -0.157680
4.351721 5.186837 15.220980
14.251785 16.268572 11.945313
11.615066 -0.125978 14.565798
5.794090 10.530314 1.528533
6.625938 2.839758 17.507362
5.151819 6.389194 8.186691
8.846928 6.262009 9.077828
12.698490 10.701186 13.422048
1.500012 11.630581 12.350539
5.491969 8.276315 4.691747
3.606905 13.103204 3.452556
17.372123 4.490764 6.725927
16.564126 11.196552 9.787363
4.868863 12.032699 13.895617
4.791228 14.092077 17.854534
3.981028 17.884883 17.175933
1.148420 14.949926 0.452497
7.482539 17.271428 11.902988
3.734863 7.466399 18.162154
5.953611 2.304922 9.832397
3.660889 4.893983 4.774472
2.699385 16.346492 6.691202
1.286716 1.628926 4.793837
2.691500 3.516989 8.124835
4.139957 15.073702 11.431001
10.796777 5.004574 6.043502
16.782631 9.145597 13.198617
10.844371 6.193104 2.442746
6.767130 0.646896 2.625014
16.003056 7.901044 7.644047
6.461567 15.455552 4.730304
12.729908 15.647876 5.873423
13.856917 4.243275 8.181989
9.766156 2.573031 9.210012
10.002378 12.802965 7.021384
17.290030 16.866222 15.415717
1.571643 1.894798 14.688422
8.797338 11.346968 13.557353
9.972039 16.576665 3.306349
